# relative_time, cycles_done, cur_item, corpus_count, pending_total, pending_favs, map_size, saved_crashes, saved_hangs, max_depth, execs_per_sec, total_execs, edges_found, total_crashes, servers_count
63, 0, 41, 55, 46, 11, 77.06%, 4, 0, 3, 338.25, 22580, 84, 7, 0
68, 0, 23, 56, 44, 8, 77.06%, 4, 0, 3, 345.20, 24366, 84, 7, 0
73, 0, 14, 57, 43, 7, 77.06%, 4, 0, 3, 330.79, 25956, 84, 7, 0
78, 0, 16, 57, 40, 4, 77.06%, 4, 0, 3, 324.72, 27602, 84, 7, 0
83, 0, 32, 57, 34, 0, 77.06%, 4, 0, 3, 355.95, 29406, 84, 7, 0
88, 0, 22, 57, 33, 0, 77.06%, 4, 0, 3, 360.95, 31252, 84, 7, 0
94, 0, 19, 58, 31, 0, 77.06%, 4, 0, 3, 372.83, 33432, 84, 7, 0
99, 1, 28, 58, 27, 0, 77.06%, 4, 0, 3, 372.74, 35288, 84, 7, 0
105, 1, 5, 58, 24, 0, 77.06%, 4, 0, 3, 345.05, 37104, 84, 7, 0
110, 1, 33, 58, 20, 0, 77.06%, 5, 0, 3, 350.65, 38849, 84, 8, 0
115, 1, 14, 58, 18, 0, 77.06%, 5, 0, 3, 337.54, 40578, 84, 9, 0
120, 1, 33, 58, 15, 0, 77.06%, 5, 0, 3, 343.80, 42283, 84, 9, 0
125, 2, 14, 58, 13, 0, 77.06%, 5, 0, 3, 332.38, 43936, 84, 9, 0
130, 2, 47, 58, 13, 0, 77.06%, 5, 0, 3, 340.99, 45701, 84, 9, 0
135, 2, 41, 58, 10, 0, 77.06%, 5, 0, 3, 339.22, 47473, 84, 9, 0
140, 2, 48, 58, 7, 0, 77.06%, 5, 0, 3, 341.63, 49192, 84, 9, 0
146, 2, 48, 58, 7, 0, 77.06%, 5, 0, 3, 349.68, 51020, 84, 9, 0
151, 3, 58, 59, 8, 0, 77.06%, 5, 0, 3, 332.51, 52729, 84, 9, 0
156, 3, 34, 59, 4, 0, 77.06%, 6, 0, 3, 348.10, 54510, 84, 10, 0
161, 3, 48, 59, 3, 0, 77.06%, 6, 0, 3, 335.59, 56143, 84, 10, 0
166, 3, 27, 59, 3, 0, 77.06%, 6, 0, 3, 340.69, 57799, 84, 10, 0
171, 4, 14, 59, 3, 0, 77.06%, 6, 0, 3, 346.36, 59622, 84, 10, 0
176, 4, 30, 59, 3, 0, 77.06%, 6, 0, 3, 336.84, 61332, 84, 10, 0
181, 4, 6, 59, 2, 0, 77.06%, 6, 0, 3, 327.54, 63043, 84, 10, 0
186, 4, 6, 59, 2, 0, 77.06%, 6, 0, 3, 342.23, 64859, 84, 10, 0
191, 5, 41, 59, 2, 0, 77.06%, 6, 0, 3, 351.65, 66535, 84, 11, 0
196, 5, 42, 59, 2, 0, 77.06%, 6, 0, 3, 332.37, 68122, 84, 11, 0
201, 5, 6, 59, 2, 0, 77.06%, 6, 0, 3, 306.94, 69561, 84, 11, 0
206, 5, 38, 59, 2, 0, 77.06%, 6, 0, 3, 337.32, 71213, 84, 11, 0
212, 6, 33, 59, 2, 0, 77.06%, 6, 0, 3, 340.66, 72922, 84, 11, 0
217, 6, 17, 61, 3, 0, 77.06%, 6, 0, 3, 348.84, 74936, 84, 13, 0
222, 6, 17, 61, 3, 0, 77.06%, 6, 0, 3, 350.24, 76717, 84, 13, 0
229, 6, 61, 62, 4, 0, 77.06%, 6, 0, 3, 342.66, 78858, 84, 13, 0
234, 6, 48, 62, 3, 0, 77.06%, 6, 0, 3, 348.83, 80603, 84, 15, 0
239, 7, 33, 62, 3, 0, 77.06%, 6, 0, 3, 349.36, 82355, 84, 15, 0
244, 7, 55, 62, 3, 0, 77.06%, 7, 0, 3, 348.13, 84113, 84, 17, 0
249, 7, 55, 63, 2, 0, 77.06%, 8, 0, 4, 333.26, 85791, 84, 18, 0
254, 7, 13, 63, 2, 0, 77.06%, 8, 0, 4, 333.56, 87529, 84, 18, 0
259, 7, 32, 63, 2, 0, 77.06%, 9, 0, 4, 344.66, 89228, 84, 19, 0
264, 8, 55, 63, 2, 0, 77.06%, 9, 0, 4, 355.76, 90988, 84, 19, 0
269, 8, 62, 64, 3, 0, 77.06%, 9, 0, 4, 347.59, 92752, 84, 19, 0
275, 8, 62, 64, 3, 0, 77.06%, 9, 0, 4, 346.28, 94866, 84, 19, 0
281, 8, 19, 64, 3, 0, 77.06%, 9, 0, 4, 348.81, 96689, 84, 19, 0
286, 8, 62, 64, 3, 0, 77.06%, 9, 0, 4, 350.34, 98500, 84, 20, 0
291, 9, 63, 64, 3, 0, 77.06%, 9, 0, 4, 345.55, 100248, 84, 20, 0
296, 9, 38, 64, 2, 0, 77.06%, 9, 0, 4, 335.60, 101940, 84, 20, 0
301, 9, 32, 64, 2, 0, 77.06%, 9, 0, 4, 325.10, 103637, 84, 20, 0
301, 9, 48, 64, 2, 0, 77.06%, 9, 0, 4, 327.57, 103737, 84, 20, 0
