# relative_time, cycles_done, cur_item, corpus_count, pending_total, pending_favs, map_size, saved_crashes, saved_hangs, max_depth, execs_per_sec, total_execs, edges_found, total_crashes, servers_count
61, 0, 0, 88, 88, 3, 8.60%, 0, 0, 2, 344.79, 21091, 93, 0, 0
66, 0, 0, 91, 91, 3, 8.60%, 0, 0, 2, 342.67, 22798, 93, 0, 0
71, 0, 0, 92, 92, 3, 8.60%, 0, 0, 2, 327.71, 24533, 93, 0, 0
76, 0, 0, 93, 93, 3, 8.60%, 0, 0, 2, 330.61, 26226, 93, 0, 0
81, 0, 0, 94, 94, 3, 8.70%, 0, 0, 2, 330.56, 27907, 94, 0, 0
86, 0, 0, 95, 95, 3, 8.79%, 0, 0, 2, 355.38, 29736, 95, 0, 0
91, 0, 0, 96, 96, 3, 8.79%, 0, 0, 2, 330.09, 31341, 95, 0, 0
96, 0, 0, 100, 100, 3, 8.79%, 0, 0, 2, 342.97, 33055, 95, 0, 0
102, 0, 0, 101, 101, 3, 8.79%, 0, 0, 2, 339.10, 34772, 95, 0, 0
107, 0, 0, 101, 101, 3, 8.79%, 0, 0, 2, 326.63, 36422, 95, 0, 0
112, 0, 0, 104, 104, 3, 8.88%, 0, 0, 2, 343.74, 38165, 96, 0, 0
117, 0, 0, 104, 104, 3, 8.88%, 0, 0, 2, 338.46, 39851, 96, 0, 0
122, 0, 0, 105, 105, 3, 8.88%, 0, 0, 2, 344.21, 41616, 96, 0, 0
127, 0, 0, 105, 105, 3, 8.88%, 0, 0, 2, 326.59, 43188, 96, 0, 0
132, 0, 0, 106, 106, 3, 8.88%, 0, 0, 2, 344.34, 45013, 96, 0, 0
137, 0, 0, 106, 106, 3, 8.88%, 0, 0, 2, 362.36, 46872, 96, 0, 0
142, 0, 0, 107, 107, 3, 8.88%, 0, 0, 2, 364.56, 48692, 96, 0, 0
147, 0, 0, 107, 107, 3, 8.88%, 0, 0, 2, 362.91, 50533, 96, 0, 0
152, 0, 1, 110, 109, 24, 9.25%, 0, 0, 2, 349.49, 52294, 100, 0, 0
157, 0, 1, 127, 126, 24, 9.81%, 0, 0, 2, 362.18, 54118, 106, 0, 0
162, 0, 1, 129, 128, 24, 9.81%, 0, 0, 2, 348.82, 55872, 106, 0, 0
167, 0, 1, 135, 134, 24, 9.99%, 0, 0, 2, 351.83, 57653, 108, 0, 0
172, 0, 1, 139, 138, 24, 9.99%, 0, 0, 2, 337.64, 59332, 108, 0, 0
177, 0, 1, 139, 138, 24, 9.99%, 0, 0, 2, 357.86, 61153, 108, 0, 0
182, 0, 1, 141, 140, 24, 9.99%, 0, 0, 2, 363.75, 63001, 108, 0, 0
187, 0, 1, 142, 141, 24, 9.99%, 0, 0, 2, 365.47, 64849, 108, 0, 0
192, 0, 1, 142, 141, 24, 9.99%, 0, 0, 2, 361.89, 66669, 108, 0, 0
197, 0, 1, 143, 142, 24, 9.99%, 0, 0, 2, 357.60, 68475, 108, 0, 0
202, 0, 1, 144, 143, 24, 9.99%, 0, 0, 2, 369.33, 70386, 108, 0, 0
208, 0, 1, 145, 144, 24, 9.99%, 0, 0, 2, 370.93, 72325, 108, 0, 0
213, 0, 1, 147, 146, 24, 9.99%, 0, 0, 2, 359.92, 74131, 108, 0, 0
218, 0, 1, 147, 146, 24, 9.99%, 0, 0, 2, 364.33, 75986, 108, 0, 0
223, 0, 1, 147, 146, 24, 9.99%, 0, 0, 2, 358.86, 77806, 108, 0, 0
228, 0, 1, 149, 148, 24, 10.18%, 0, 0, 2, 354.24, 79556, 110, 0, 0
233, 0, 1, 149, 148, 24, 10.18%, 0, 0, 2, 361.22, 81446, 110, 0, 0
238, 0, 1, 150, 149, 24, 10.18%, 0, 0, 2, 365.61, 83301, 110, 0, 0
243, 0, 1, 151, 150, 24, 10.18%, 0, 0, 2, 375.26, 85254, 110, 0, 0
248, 0, 1, 152, 151, 24, 10.18%, 0, 0, 2, 362.65, 87067, 110, 0, 0
253, 0, 1, 152, 151, 24, 10.18%, 0, 0, 2, 357.61, 88873, 110, 0, 0
258, 0, 1, 152, 151, 24, 10.18%, 0, 0, 2, 356.86, 90679, 110, 0, 0
263, 0, 1, 152, 151, 24, 10.18%, 0, 0, 2, 365.56, 92527, 110, 0, 0
269, 0, 1, 152, 151, 24, 10.18%, 0, 0, 2, 367.41, 94445, 110, 0, 0
274, 0, 1, 152, 151, 24, 10.18%, 0, 0, 2, 366.54, 96293, 110, 0, 0
279, 0, 1, 153, 152, 24, 10.18%, 0, 0, 2, 369.64, 98162, 110, 0, 0
284, 0, 1, 154, 153, 24, 10.18%, 0, 0, 2, 361.04, 99961, 110, 0, 0
289, 0, 1, 154, 153, 24, 10.18%, 0, 0, 2, 360.71, 101753, 110, 0, 0
294, 0, 1, 154, 153, 24, 10.18%, 0, 0, 2, 355.82, 103594, 110, 0, 0
299, 0, 125, 157, 145, 21, 10.18%, 0, 0, 3, 369.35, 105463, 110, 0, 0
304, 0, 125, 162, 150, 21, 10.27%, 0, 0, 3, 369.19, 107381, 111, 0, 0
309, 0, 125, 163, 151, 21, 10.27%, 0, 0, 3, 314.81, 108980, 111, 0, 0
315, 0, 125, 163, 151, 21, 10.27%, 0, 0, 3, 309.90, 110618, 111, 0, 0
320, 0, 125, 163, 151, 21, 10.27%, 0, 0, 3, 329.28, 112394, 111, 0, 0
325, 0, 125, 163, 151, 21, 10.27%, 0, 0, 3, 332.18, 114020, 111, 0, 0
330, 0, 125, 163, 151, 21, 10.27%, 0, 0, 3, 340.64, 115796, 111, 0, 0
335, 0, 125, 165, 153, 21, 10.27%, 0, 0, 3, 355.23, 117650, 111, 0, 0
340, 0, 146, 166, 145, 13, 10.27%, 0, 0, 3, 311.03, 119315, 111, 0, 0
345, 0, 167, 169, 141, 9, 10.45%, 0, 0, 3, 313.14, 120820, 113, 0, 0
350, 0, 29, 173, 134, 2, 10.45%, 0, 0, 4, 339.02, 122538, 113, 0, 0
355, 0, 173, 174, 132, 1, 10.55%, 0, 0, 4, 356.04, 124353, 114, 0, 0
360, 0, 131, 177, 131, 0, 10.55%, 0, 0, 4, 361.17, 126164, 114, 0, 0
366, 0, 30, 178, 128, 0, 10.55%, 0, 0, 4, 351.97, 127929, 114, 0, 0
371, 0, 111, 178, 124, 0, 10.55%, 0, 0, 4, 348.58, 129731, 114, 0, 0
376, 0, 8, 179, 120, 0, 10.55%, 0, 0, 4, 346.83, 131486, 114, 0, 0
381, 0, 180, 183, 121, 1, 10.92%, 0, 0, 4, 351.92, 133299, 118, 0, 0
386, 0, 181, 190, 127, 3, 12.12%, 0, 0, 5, 362.34, 135126, 131, 0, 0
391, 0, 181, 194, 131, 3, 12.40%, 0, 0, 5, 362.94, 137009, 134, 0, 0
396, 0, 181, 197, 134, 3, 12.40%, 0, 0, 5, 367.46, 138850, 134, 0, 0
401, 0, 181, 198, 135, 3, 12.40%, 0, 0, 5, 360.24, 140670, 134, 0, 0
406, 0, 181, 198, 135, 3, 12.40%, 0, 0, 5, 361.47, 142483, 134, 0, 0
411, 0, 181, 199, 136, 3, 12.40%, 0, 0, 5, 356.46, 144268, 134, 0, 0
416, 0, 181, 200, 137, 3, 12.40%, 0, 0, 5, 363.43, 146102, 134, 0, 0
421, 0, 186, 203, 136, 8, 12.40%, 0, 0, 6, 361.14, 147942, 134, 0, 0
426, 0, 187, 207, 138, 6, 12.58%, 0, 0, 6, 357.43, 149734, 136, 0, 0
431, 0, 187, 208, 139, 6, 12.58%, 0, 0, 6, 353.46, 151498, 136, 0, 0
436, 0, 187, 211, 142, 6, 12.67%, 0, 0, 6, 351.41, 153269, 137, 0, 0
442, 0, 187, 211, 142, 6, 12.67%, 0, 0, 6, 356.60, 155075, 137, 0, 0
447, 0, 187, 212, 143, 6, 12.67%, 0, 0, 6, 356.81, 156860, 137, 0, 0
452, 0, 187, 212, 143, 6, 12.67%, 0, 0, 6, 354.58, 158631, 137, 0, 0
457, 0, 187, 212, 143, 6, 12.67%, 0, 0, 6, 357.44, 160409, 137, 0, 0
462, 0, 206, 216, 144, 5, 12.77%, 0, 0, 7, 362.13, 162251, 138, 0, 0
467, 0, 191, 218, 145, 4, 12.77%, 0, 0, 7, 365.53, 164090, 138, 0, 0
472, 0, 208, 221, 146, 4, 13.41%, 0, 0, 7, 368.11, 165992, 145, 0, 0
477, 0, 220, 227, 146, 1, 14.06%, 0, 0, 8, 364.38, 167841, 152, 0, 0
482, 0, 225, 233, 150, 4, 14.71%, 0, 0, 9, 362.31, 169672, 159, 0, 0
487, 0, 225, 233, 150, 4, 14.71%, 0, 0, 9, 372.40, 171555, 159, 0, 0
492, 0, 225, 233, 150, 4, 14.71%, 0, 0, 9, 370.40, 173396, 159, 0, 0
497, 0, 225, 233, 150, 4, 14.71%, 0, 0, 9, 351.37, 175160, 159, 0, 0
502, 0, 225, 233, 150, 4, 14.71%, 0, 0, 9, 358.37, 177015, 159, 0, 0
507, 0, 225, 233, 150, 4, 14.71%, 0, 0, 9, 365.30, 178870, 159, 0, 0
512, 0, 225, 233, 150, 4, 14.71%, 0, 0, 9, 331.12, 180521, 159, 0, 0
517, 0, 225, 233, 150, 4, 14.71%, 0, 0, 9, 311.64, 182021, 159, 0, 0
522, 0, 225, 233, 150, 4, 14.71%, 0, 0, 9, 330.14, 183677, 159, 0, 0
527, 0, 225, 233, 150, 4, 14.71%, 0, 0, 9, 344.28, 185441, 159, 0, 0
533, 0, 225, 234, 151, 4, 14.80%, 0, 0, 9, 366.74, 187368, 160, 0, 0
538, 0, 225, 234, 151, 4, 14.80%, 0, 0, 9, 351.78, 189174, 160, 0, 0
543, 0, 225, 234, 151, 4, 14.80%, 0, 0, 9, 365.44, 191078, 160, 0, 0
548, 0, 225, 234, 151, 4, 14.80%, 0, 0, 9, 339.47, 192744, 160, 0, 0
553, 0, 225, 234, 151, 4, 14.80%, 0, 0, 9, 336.16, 194418, 160, 0, 0
558, 0, 225, 234, 151, 4, 14.80%, 0, 0, 9, 369.83, 196384, 160, 0, 0
563, 0, 225, 234, 151, 4, 14.80%, 0, 0, 9, 375.02, 198281, 160, 0, 0
568, 0, 225, 234, 151, 4, 14.80%, 0, 0, 9, 365.19, 200101, 160, 0, 0
573, 0, 225, 234, 151, 4, 14.80%, 0, 0, 9, 377.13, 202012, 160, 0, 0
579, 0, 225, 234, 151, 4, 14.80%, 0, 0, 9, 382.53, 204000, 160, 0, 0
584, 0, 225, 234, 151, 4, 14.80%, 0, 0, 9, 382.36, 205981, 160, 0, 0
589, 0, 224, 234, 147, 6, 14.80%, 0, 0, 9, 375.01, 207930, 160, 0, 0
594, 0, 233, 236, 147, 5, 14.80%, 0, 0, 10, 370.92, 209819, 160, 0, 0
599, 0, 15, 237, 143, 2, 14.80%, 0, 0, 10, 353.82, 211614, 160, 0, 0
604, 0, 231, 237, 137, 1, 14.80%, 0, 0, 10, 356.97, 213428, 160, 0, 0
609, 0, 202, 238, 136, 0, 14.80%, 0, 0, 10, 348.98, 215199, 160, 0, 0
614, 0, 206, 238, 135, 0, 14.80%, 0, 0, 10, 360.09, 216985, 160, 0, 0
619, 0, 223, 238, 133, 0, 14.80%, 0, 0, 10, 357.41, 218781, 160, 0, 0
624, 0, 223, 239, 133, 0, 14.80%, 0, 0, 10, 374.96, 220683, 160, 0, 0
629, 0, 52, 241, 134, 0, 14.89%, 0, 0, 10, 372.88, 222625, 161, 0, 0
634, 0, 219, 242, 134, 0, 14.89%, 0, 0, 10, 349.58, 224342, 161, 0, 0
639, 0, 206, 242, 132, 0, 14.89%, 0, 0, 10, 349.84, 226114, 161, 0, 0
645, 1, 11, 246, 135, 0, 14.89%, 0, 0, 10, 351.77, 227967, 161, 0, 0
650, 1, 196, 250, 135, 0, 14.89%, 0, 0, 10, 339.57, 229675, 161, 0, 0
655, 1, 92, 254, 133, 0, 14.89%, 0, 0, 10, 344.26, 231438, 161, 0, 0
660, 1, 156, 255, 129, 0, 14.89%, 0, 0, 10, 344.04, 233176, 161, 0, 0
665, 1, 223, 258, 129, 0, 14.89%, 0, 0, 10, 339.47, 234846, 161, 0, 0
670, 1, 26, 260, 127, 0, 14.89%, 0, 0, 10, 346.41, 236622, 161, 0, 0
675, 1, 157, 262, 126, 0, 14.89%, 0, 0, 10, 337.10, 238368, 161, 0, 0
680, 1, 239, 264, 124, 0, 14.89%, 0, 0, 10, 348.82, 240158, 161, 0, 0
685, 1, 215, 264, 123, 0, 14.89%, 0, 0, 10, 353.10, 241930, 161, 0, 0
690, 1, 260, 265, 121, 0, 14.89%, 0, 0, 10, 350.92, 243673, 161, 0, 0
695, 1, 172, 269, 123, 0, 14.89%, 0, 0, 10, 299.75, 245183, 161, 0, 0
700, 1, 172, 273, 127, 0, 14.89%, 0, 0, 10, 291.35, 246669, 161, 0, 0
706, 1, 172, 274, 128, 0, 14.89%, 0, 0, 10, 316.23, 248296, 161, 0, 0
711, 1, 172, 275, 129, 0, 14.89%, 0, 0, 10, 334.10, 249995, 161, 0, 0
716, 1, 172, 276, 130, 0, 14.89%, 0, 0, 10, 319.80, 251526, 161, 0, 0
721, 1, 172, 277, 131, 0, 14.89%, 0, 0, 10, 354.72, 253408, 161, 0, 0
726, 1, 172, 277, 131, 0, 14.89%, 0, 0, 10, 359.43, 255200, 161, 0, 0
731, 1, 172, 277, 131, 0, 14.89%, 0, 0, 10, 345.65, 256939, 161, 0, 0
736, 1, 230, 280, 130, 0, 14.89%, 0, 0, 10, 356.69, 258780, 161, 0, 0
741, 1, 192, 281, 129, 0, 14.89%, 0, 0, 10, 355.92, 260522, 161, 0, 0
746, 1, 278, 282, 127, 0, 14.89%, 0, 0, 10, 362.22, 262409, 161, 0, 0
751, 1, 133, 283, 122, 0, 14.89%, 0, 0, 10, 348.82, 264168, 161, 0, 0
757, 1, 257, 285, 122, 0, 14.89%, 0, 0, 10, 358.46, 266023, 161, 0, 0
762, 1, 219, 285, 115, 0, 14.89%, 0, 0, 10, 368.41, 267897, 161, 0, 0
767, 1, 195, 286, 114, 0, 14.89%, 0, 0, 10, 361.28, 269708, 161, 0, 0
772, 1, 211, 288, 111, 0, 14.89%, 0, 0, 10, 353.65, 271520, 161, 0, 0
777, 1, 165, 292, 112, 0, 14.89%, 0, 0, 10, 349.95, 273289, 161, 0, 0
782, 1, 250, 294, 112, 0, 14.89%, 0, 0, 10, 347.02, 275027, 161, 0, 0
787, 1, 233, 296, 110, 0, 14.89%, 0, 0, 10, 357.14, 276861, 161, 0, 0
792, 1, 234, 297, 107, 0, 14.89%, 0, 0, 10, 356.31, 278723, 161, 0, 0
797, 1, 288, 299, 107, 0, 14.89%, 0, 0, 11, 357.62, 280545, 161, 0, 0
803, 1, 216, 299, 103, 0, 14.89%, 0, 0, 11, 349.96, 282376, 161, 0, 0
808, 1, 133, 300, 102, 0, 14.89%, 0, 0, 11, 350.96, 284164, 161, 0, 0
813, 1, 111, 300, 101, 0, 14.89%, 0, 0, 11, 357.25, 285955, 161, 0, 0
818, 1, 242, 301, 99, 0, 14.89%, 0, 0, 11, 351.39, 287753, 161, 0, 0
823, 1, 181, 303, 99, 0, 14.89%, 0, 0, 11, 325.89, 289416, 161, 0, 0
828, 1, 277, 305, 99, 0, 14.89%, 0, 0, 11, 310.03, 290933, 161, 0, 0
833, 1, 277, 309, 103, 0, 14.89%, 0, 0, 11, 334.52, 292629, 161, 0, 0
838, 1, 277, 310, 104, 0, 14.89%, 0, 0, 11, 252.78, 293862, 161, 0, 0
843, 1, 277, 311, 105, 0, 14.89%, 0, 0, 11, 324.72, 295547, 161, 0, 0
848, 1, 277, 312, 106, 0, 14.89%, 0, 0, 11, 346.57, 297336, 161, 0, 0
853, 1, 277, 312, 106, 0, 14.89%, 0, 0, 11, 352.99, 299118, 161, 0, 0
858, 1, 229, 312, 104, 0, 14.89%, 0, 0, 11, 354.23, 300906, 161, 0, 0
863, 1, 306, 313, 103, 0, 14.89%, 0, 0, 11, 362.16, 302740, 161, 0, 0
869, 1, 198, 313, 97, 0, 14.89%, 0, 0, 11, 360.79, 304598, 161, 0, 0
874, 1, 300, 315, 98, 0, 14.89%, 0, 0, 11, 361.75, 306448, 161, 0, 0
879, 1, 275, 315, 95, 0, 14.89%, 0, 0, 11, 348.43, 308188, 161, 0, 0
884, 1, 206, 315, 90, 0, 14.89%, 0, 0, 11, 353.53, 309990, 161, 0, 0
889, 1, 274, 316, 89, 0, 14.89%, 0, 0, 11, 350.43, 311801, 161, 0, 0
894, 1, 314, 317, 88, 0, 14.89%, 0, 0, 11, 352.52, 313608, 161, 0, 0
899, 1, 298, 319, 87, 0, 14.89%, 0, 0, 11, 351.42, 315416, 161, 0, 0
904, 1, 131, 319, 86, 0, 14.89%, 0, 0, 11, 356.46, 317218, 161, 0, 0
909, 1, 231, 320, 82, 0, 14.89%, 0, 0, 11, 356.40, 319030, 161, 0, 0
914, 1, 192, 320, 80, 0, 14.89%, 0, 0, 11, 359.30, 320846, 161, 0, 0
919, 1, 26, 320, 76, 0, 14.89%, 0, 0, 11, 356.72, 322642, 161, 0, 0
924, 2, 29, 321, 75, 0, 14.89%, 0, 0, 11, 361.00, 324457, 161, 0, 0
930, 2, 248, 321, 74, 0, 14.89%, 0, 0, 11, 339.18, 326221, 161, 0, 0
935, 2, 316, 322, 73, 0, 14.89%, 0, 0, 11, 345.08, 328059, 161, 0, 0
940, 2, 157, 324, 74, 0, 14.89%, 0, 0, 12, 357.41, 329930, 161, 0, 0
945, 2, 316, 324, 73, 0, 14.89%, 0, 0, 12, 363.83, 331744, 161, 0, 0
950, 2, 226, 326, 75, 0, 14.89%, 0, 0, 12, 362.72, 333558, 161, 0, 0
955, 2, 309, 327, 74, 0, 14.89%, 0, 0, 12, 358.04, 335388, 161, 0, 0
961, 2, 327, 328, 74, 1, 14.99%, 0, 0, 12, 339.10, 337127, 162, 0, 0
966, 2, 297, 330, 75, 0, 14.99%, 0, 0, 12, 333.35, 338838, 162, 0, 0
971, 2, 229, 330, 73, 0, 14.99%, 0, 0, 12, 346.86, 340654, 162, 0, 0
976, 2, 229, 332, 74, 0, 14.99%, 0, 0, 12, 367.97, 342582, 162, 0, 0
981, 2, 224, 333, 74, 0, 14.99%, 0, 0, 12, 324.35, 344259, 162, 0, 0
986, 2, 332, 333, 73, 0, 14.99%, 0, 0, 12, 343.21, 346051, 162, 0, 0
991, 2, 232, 333, 72, 0, 14.99%, 0, 0, 12, 366.94, 347917, 162, 0, 0
997, 2, 181, 333, 71, 0, 14.99%, 0, 0, 12, 360.32, 349781, 162, 0, 0
1002, 2, 219, 335, 71, 0, 14.99%, 0, 0, 12, 365.27, 351644, 162, 0, 0
1007, 2, 221, 335, 69, 0, 14.99%, 0, 0, 12, 368.74, 353501, 162, 0, 0
1012, 2, 309, 336, 68, 0, 14.99%, 0, 0, 12, 357.89, 355291, 162, 0, 0
1017, 2, 29, 336, 67, 0, 14.99%, 0, 0, 12, 356.96, 357124, 162, 0, 0
1022, 2, 117, 337, 68, 0, 14.99%, 0, 0, 12, 364.19, 358968, 162, 0, 0
1027, 2, 317, 337, 65, 0, 14.99%, 0, 0, 12, 369.44, 360885, 162, 0, 0
1032, 2, 326, 337, 64, 0, 14.99%, 0, 0, 12, 368.96, 362766, 162, 0, 0
1037, 2, 231, 338, 62, 0, 14.99%, 0, 0, 12, 370.54, 364617, 162, 0, 0
1042, 2, 206, 338, 60, 0, 14.99%, 0, 0, 12, 365.80, 366457, 162, 0, 0
1047, 2, 284, 338, 58, 0, 14.99%, 0, 0, 12, 361.05, 368316, 162, 0, 0
1053, 2, 51, 340, 59, 0, 14.99%, 0, 0, 12, 356.09, 370125, 162, 0, 0
1058, 2, 219, 340, 57, 0, 14.99%, 0, 0, 12, 367.32, 371964, 162, 0, 0
1063, 2, 337, 340, 57, 0, 14.99%, 0, 0, 12, 357.53, 373782, 162, 0, 0
1068, 2, 232, 340, 54, 0, 14.99%, 0, 0, 12, 372.54, 375655, 162, 0, 0
1073, 2, 280, 340, 53, 0, 14.99%, 0, 0, 12, 368.11, 377549, 162, 0, 0
1078, 2, 270, 341, 53, 0, 14.99%, 0, 0, 12, 369.24, 379454, 162, 0, 0
1083, 2, 231, 342, 53, 0, 14.99%, 0, 0, 12, 367.64, 381338, 162, 0, 0
1088, 2, 119, 342, 52, 0, 14.99%, 0, 0, 12, 375.16, 383227, 162, 0, 0
1094, 2, 224, 344, 53, 0, 14.99%, 0, 0, 12, 363.56, 385126, 162, 0, 0
1099, 2, 303, 344, 52, 0, 14.99%, 0, 0, 12, 368.01, 387050, 162, 0, 0
1104, 2, 215, 345, 50, 0, 14.99%, 0, 0, 12, 376.29, 388978, 162, 0, 0
1109, 2, 228, 345, 49, 0, 14.99%, 0, 0, 12, 377.93, 390858, 162, 0, 0
1114, 2, 338, 346, 50, 0, 14.99%, 0, 0, 12, 367.74, 392679, 162, 0, 0
1119, 2, 194, 346, 49, 0, 14.99%, 0, 0, 12, 362.34, 394528, 162, 0, 0
1124, 2, 231, 346, 48, 0, 14.99%, 0, 0, 12, 354.70, 396295, 162, 0, 0
1129, 2, 167, 347, 47, 0, 14.99%, 0, 0, 12, 360.26, 398147, 162, 0, 0
1134, 2, 34, 348, 47, 0, 14.99%, 0, 0, 12, 358.98, 399952, 162, 0, 0
1139, 2, 123, 348, 45, 0, 14.99%, 0, 0, 12, 364.92, 401788, 162, 0, 0
1144, 2, 38, 350, 46, 0, 14.99%, 0, 0, 12, 365.35, 403632, 162, 0, 0
1149, 2, 225, 350, 46, 0, 14.99%, 0, 0, 12, 363.82, 405454, 162, 0, 0
1154, 2, 229, 350, 46, 0, 14.99%, 0, 0, 12, 368.69, 407307, 162, 0, 0
1160, 2, 344, 350, 46, 0, 14.99%, 0, 0, 12, 364.49, 409484, 162, 0, 0
1165, 2, 329, 352, 47, 0, 14.99%, 0, 0, 13, 360.56, 411313, 162, 0, 0
1170, 2, 343, 352, 46, 0, 14.99%, 0, 0, 13, 362.56, 413149, 162, 0, 0
1176, 3, 103, 352, 45, 0, 14.99%, 0, 0, 13, 368.81, 415013, 162, 0, 0
1181, 3, 223, 352, 44, 0, 14.99%, 0, 0, 13, 370.41, 416872, 162, 0, 0
1186, 3, 346, 352, 42, 0, 14.99%, 0, 0, 13, 361.81, 418700, 162, 0, 0
1191, 3, 346, 354, 44, 0, 14.99%, 0, 0, 13, 348.91, 420515, 162, 0, 0
1196, 3, 156, 354, 43, 0, 14.99%, 0, 0, 13, 356.76, 422354, 162, 0, 0
1203, 3, 350, 354, 43, 0, 14.99%, 0, 0, 13, 363.91, 424747, 162, 0, 0
1208, 3, 231, 354, 42, 0, 14.99%, 0, 0, 13, 371.10, 426639, 162, 0, 0
1213, 3, 215, 354, 42, 0, 14.99%, 0, 0, 13, 368.30, 428451, 162, 0, 0
1218, 3, 215, 354, 42, 0, 14.99%, 0, 0, 13, 365.84, 430301, 162, 0, 0
1223, 3, 351, 356, 44, 0, 14.99%, 0, 0, 14, 363.59, 432094, 162, 0, 0
1228, 3, 351, 357, 45, 0, 14.99%, 0, 0, 14, 357.51, 433893, 162, 0, 0
1233, 3, 232, 357, 44, 0, 14.99%, 0, 0, 14, 359.67, 435665, 162, 0, 0
1238, 3, 18, 358, 42, 0, 14.99%, 0, 0, 14, 360.44, 437513, 162, 0, 0
1243, 3, 217, 358, 42, 0, 14.99%, 0, 0, 14, 370.15, 439425, 162, 0, 0
1248, 3, 356, 358, 42, 0, 14.99%, 0, 0, 14, 375.22, 441324, 162, 0, 0
1253, 3, 356, 359, 43, 0, 14.99%, 0, 0, 15, 352.07, 443043, 162, 0, 0
1258, 3, 239, 359, 42, 0, 14.99%, 0, 0, 15, 356.81, 444905, 162, 0, 0
1263, 3, 229, 359, 42, 0, 14.99%, 0, 0, 15, 371.87, 446807, 162, 0, 0
1269, 3, 354, 359, 42, 0, 14.99%, 0, 0, 15, 365.91, 448778, 162, 0, 0
1274, 3, 320, 359, 41, 0, 14.99%, 0, 0, 15, 358.22, 450595, 162, 0, 0
1279, 3, 320, 359, 41, 0, 14.99%, 0, 0, 15, 336.72, 452232, 162, 0, 0
1284, 3, 348, 359, 40, 0, 14.99%, 0, 0, 15, 345.95, 454023, 162, 0, 0
1289, 3, 336, 359, 38, 0, 14.99%, 0, 0, 15, 362.96, 455870, 162, 0, 0
1294, 3, 358, 359, 37, 0, 14.99%, 0, 0, 15, 358.25, 457687, 162, 0, 0
1299, 3, 358, 361, 39, 0, 14.99%, 0, 0, 16, 361.06, 459526, 162, 0, 0
1304, 3, 358, 363, 41, 0, 14.99%, 0, 0, 16, 362.47, 461360, 162, 0, 0
1310, 3, 358, 363, 41, 0, 14.99%, 0, 0, 16, 353.54, 463194, 162, 0, 0
1315, 3, 358, 364, 42, 0, 14.99%, 0, 0, 16, 360.41, 465035, 162, 0, 0
1320, 3, 358, 365, 43, 0, 14.99%, 0, 0, 16, 365.79, 466876, 162, 0, 0
1325, 3, 310, 365, 42, 0, 14.99%, 0, 0, 16, 369.74, 468898, 162, 0, 0
1330, 3, 360, 365, 41, 0, 14.99%, 0, 0, 16, 369.61, 470750, 162, 0, 0
1335, 3, 360, 365, 41, 0, 14.99%, 0, 0, 16, 371.32, 472701, 162, 0, 0
1340, 3, 204, 365, 39, 0, 14.99%, 0, 0, 16, 373.11, 474632, 162, 0, 0
1345, 3, 186, 365, 39, 0, 14.99%, 0, 0, 16, 367.96, 476463, 162, 0, 0
1350, 3, 363, 365, 39, 0, 14.99%, 0, 0, 16, 359.41, 478268, 162, 0, 0
1355, 3, 357, 365, 38, 0, 14.99%, 0, 0, 16, 359.77, 480083, 162, 0, 0
1362, 3, 323, 365, 37, 0, 14.99%, 0, 0, 16, 369.64, 482413, 162, 0, 0
1367, 3, 123, 365, 36, 0, 14.99%, 0, 0, 16, 365.74, 484211, 162, 0, 0
1372, 3, 45, 365, 36, 0, 14.99%, 0, 0, 16, 361.95, 486104, 162, 0, 0
1377, 3, 113, 365, 36, 0, 14.99%, 0, 0, 16, 368.01, 487961, 162, 0, 0
1382, 3, 181, 366, 36, 0, 14.99%, 0, 0, 16, 366.08, 489809, 162, 0, 0
1389, 3, 364, 366, 36, 0, 14.99%, 0, 0, 16, 353.83, 492187, 162, 0, 0
1394, 3, 364, 368, 38, 0, 14.99%, 0, 0, 17, 349.68, 493993, 162, 0, 0
1399, 3, 365, 368, 36, 0, 14.99%, 0, 0, 17, 359.53, 495824, 162, 0, 0
1404, 3, 365, 371, 39, 0, 14.99%, 0, 0, 17, 361.67, 497651, 162, 0, 0
1409, 3, 365, 371, 39, 0, 14.99%, 0, 0, 17, 358.83, 499471, 162, 0, 0
1414, 3, 355, 371, 38, 0, 14.99%, 0, 0, 17, 366.71, 501310, 162, 0, 0
1419, 3, 194, 371, 37, 0, 14.99%, 0, 0, 17, 364.58, 503194, 162, 0, 0
1425, 3, 366, 371, 37, 0, 14.99%, 0, 0, 17, 355.22, 505236, 162, 0, 0
1430, 3, 331, 371, 36, 0, 14.99%, 0, 0, 17, 358.30, 507057, 162, 0, 0
1435, 3, 368, 371, 36, 0, 14.99%, 0, 0, 17, 366.00, 508969, 162, 0, 0
1442, 3, 345, 372, 34, 0, 14.99%, 0, 0, 17, 361.23, 511282, 162, 0, 0
1447, 3, 123, 373, 34, 0, 14.99%, 0, 0, 17, 372.27, 513214, 162, 0, 0
1453, 3, 361, 373, 34, 0, 14.99%, 0, 0, 17, 356.84, 515356, 162, 0, 0
1458, 3, 218, 373, 33, 0, 14.99%, 0, 0, 17, 369.29, 517231, 162, 0, 0
1463, 3, 194, 373, 33, 0, 14.99%, 0, 0, 17, 367.65, 519077, 162, 0, 0
1468, 3, 369, 373, 33, 0, 14.99%, 0, 0, 17, 350.67, 520902, 162, 0, 0
1473, 3, 232, 374, 32, 0, 14.99%, 0, 0, 17, 358.64, 522701, 162, 0, 0
1478, 3, 228, 374, 32, 0, 14.99%, 0, 0, 17, 367.94, 524564, 162, 0, 0
1483, 3, 233, 374, 32, 0, 14.99%, 0, 0, 17, 366.06, 526383, 162, 0, 0
1489, 3, 372, 374, 32, 0, 14.99%, 0, 0, 17, 359.75, 528263, 162, 0, 0
1494, 3, 359, 374, 31, 0, 14.99%, 0, 0, 17, 354.60, 530030, 162, 0, 0
1499, 3, 359, 374, 31, 0, 14.99%, 0, 0, 17, 360.78, 531911, 162, 0, 0
1504, 3, 167, 374, 30, 0, 14.99%, 0, 0, 17, 370.62, 533847, 162, 0, 0
1509, 3, 360, 374, 30, 0, 14.99%, 0, 0, 17, 365.74, 535651, 162, 0, 0
1514, 3, 45, 374, 29, 0, 14.99%, 0, 0, 17, 371.18, 537516, 162, 0, 0
1519, 3, 362, 374, 29, 0, 14.99%, 0, 0, 17, 363.20, 539361, 162, 0, 0
1524, 3, 18, 374, 28, 0, 14.99%, 0, 0, 17, 361.41, 541248, 162, 0, 0
1529, 3, 232, 374, 28, 0, 14.99%, 0, 0, 17, 370.03, 543169, 162, 0, 0
1535, 3, 119, 374, 28, 0, 14.99%, 0, 0, 17, 371.33, 545113, 162, 0, 0
1540, 4, 206, 374, 27, 0, 14.99%, 0, 0, 17, 363.77, 546975, 162, 0, 0
1545, 4, 181, 374, 27, 0, 14.99%, 0, 0, 17, 364.53, 548829, 162, 0, 0
1551, 4, 370, 374, 27, 0, 14.99%, 0, 0, 17, 369.05, 551155, 162, 0, 0
1556, 4, 76, 374, 24, 0, 14.99%, 0, 0, 17, 368.01, 553035, 162, 0, 0
1561, 4, 156, 374, 24, 0, 14.99%, 0, 0, 17, 365.32, 554835, 162, 0, 0
1566, 4, 231, 374, 24, 0, 14.99%, 0, 0, 17, 355.63, 556627, 162, 0, 0
1572, 4, 206, 374, 24, 0, 14.99%, 0, 0, 17, 368.21, 558564, 162, 0, 0
1577, 4, 3, 374, 24, 0, 14.99%, 0, 0, 17, 371.08, 560434, 162, 0, 0
1582, 4, 239, 375, 23, 0, 14.99%, 0, 0, 17, 358.62, 562279, 162, 0, 0
1587, 4, 181, 375, 23, 0, 14.99%, 0, 0, 17, 367.37, 564129, 162, 0, 0
1592, 4, 353, 375, 23, 0, 14.99%, 0, 0, 17, 369.77, 565992, 162, 0, 0
1597, 4, 353, 376, 24, 0, 14.99%, 0, 0, 17, 373.06, 567904, 162, 0, 0
1604, 4, 375, 376, 23, 0, 14.99%, 0, 0, 17, 375.61, 570514, 162, 0, 0
1609, 4, 375, 377, 24, 0, 14.99%, 0, 0, 17, 377.10, 572474, 162, 0, 0
1614, 4, 374, 377, 23, 0, 14.99%, 0, 0, 17, 376.75, 574428, 162, 0, 0
1619, 4, 39, 378, 23, 0, 14.99%, 0, 0, 17, 362.48, 576244, 162, 0, 0
1624, 4, 233, 378, 23, 0, 14.99%, 0, 0, 17, 366.58, 578158, 162, 0, 0
1629, 4, 97, 378, 23, 0, 14.99%, 0, 0, 17, 369.73, 580029, 162, 0, 0
1634, 4, 355, 378, 23, 0, 14.99%, 0, 0, 17, 346.66, 581751, 162, 0, 0
1639, 4, 259, 378, 23, 0, 14.99%, 0, 0, 17, 347.41, 583536, 162, 0, 0
1645, 4, 376, 378, 22, 0, 14.99%, 0, 0, 17, 357.97, 585335, 162, 0, 0
1650, 4, 18, 378, 21, 0, 14.99%, 0, 0, 17, 358.70, 587190, 162, 0, 0
1655, 4, 181, 378, 21, 0, 14.99%, 0, 0, 17, 363.05, 589027, 162, 0, 0
1660, 4, 233, 378, 20, 0, 14.99%, 0, 0, 17, 363.89, 590859, 162, 0, 0
1665, 4, 352, 378, 20, 0, 14.99%, 0, 0, 17, 350.08, 592846, 162, 0, 0
1671, 4, 365, 378, 18, 0, 14.99%, 0, 0, 17, 361.82, 594751, 162, 0, 0
1677, 4, 373, 378, 18, 0, 14.99%, 0, 0, 17, 364.27, 597255, 162, 0, 0
1682, 4, 233, 379, 18, 0, 14.99%, 0, 0, 17, 358.45, 599072, 162, 0, 0
1688, 4, 374, 379, 18, 0, 14.99%, 0, 0, 17, 367.81, 600951, 162, 0, 0
1693, 4, 70, 379, 18, 0, 14.99%, 0, 0, 17, 370.65, 602879, 162, 0, 0
1698, 4, 378, 379, 16, 0, 14.99%, 0, 0, 17, 371.02, 604759, 162, 0, 0
1703, 4, 378, 379, 16, 0, 14.99%, 0, 0, 17, 374.14, 606631, 162, 0, 0
1708, 4, 117, 379, 15, 0, 14.99%, 0, 0, 17, 371.71, 608556, 162, 0, 0
1713, 4, 375, 380, 16, 0, 14.99%, 0, 0, 17, 359.22, 610333, 162, 0, 0
1718, 4, 194, 380, 16, 0, 14.99%, 0, 0, 17, 356.30, 612192, 162, 0, 0
1723, 4, 222, 380, 16, 0, 14.99%, 0, 0, 17, 367.47, 614046, 162, 0, 0
1728, 4, 199, 380, 15, 0, 14.99%, 0, 0, 17, 365.47, 615880, 162, 0, 0
1734, 4, 377, 381, 16, 0, 14.99%, 0, 0, 17, 357.27, 617908, 162, 0, 0
1739, 4, 147, 383, 17, 0, 14.99%, 0, 0, 17, 360.32, 619725, 162, 0, 0
1744, 4, 31, 383, 17, 0, 14.99%, 0, 0, 17, 367.56, 621642, 162, 0, 0
1749, 4, 223, 383, 17, 0, 14.99%, 0, 0, 17, 364.95, 623514, 162, 0, 0
1755, 4, 224, 383, 17, 0, 14.99%, 0, 0, 17, 357.60, 625345, 162, 0, 0
1760, 4, 232, 383, 17, 0, 14.99%, 0, 0, 17, 365.41, 627184, 162, 0, 0
1765, 4, 194, 383, 16, 0, 14.99%, 0, 0, 17, 368.79, 629097, 162, 0, 0
1770, 5, 11, 383, 16, 0, 14.99%, 0, 0, 17, 365.01, 630936, 162, 0, 0
1775, 5, 374, 383, 16, 0, 14.99%, 0, 0, 17, 362.08, 632770, 162, 0, 0
1780, 5, 355, 383, 16, 0, 14.99%, 0, 0, 17, 339.69, 634441, 162, 0, 0
1786, 5, 380, 383, 16, 0, 14.99%, 0, 0, 17, 363.95, 636554, 162, 0, 0
1791, 5, 350, 383, 15, 0, 14.99%, 0, 0, 17, 362.30, 638387, 162, 0, 0
1796, 5, 157, 383, 14, 0, 14.99%, 0, 0, 17, 358.04, 640269, 162, 0, 0
1800, 5, 66, 383, 14, 0, 14.99%, 0, 0, 17, 357.68, 641624, 162, 0, 0
