# relative_time, cycles_done, cur_item, corpus_count, pending_total, pending_favs, map_size, saved_crashes, saved_hangs, max_depth, execs_per_sec, total_execs, edges_found, total_crashes, servers_count
61, 0, 1, 55, 55, 1, 75.00%, 2, 0, 2, 379.49, 23271, 75, 3, 0
66, 0, 1, 55, 55, 1, 75.00%, 2, 0, 2, 366.72, 25133, 75, 3, 0
71, 0, 1, 55, 55, 1, 75.00%, 2, 0, 2, 370.11, 27023, 75, 3, 0
76, 0, 1, 55, 55, 1, 75.00%, 2, 0, 2, 388.27, 29004, 75, 3, 0
81, 0, 1, 55, 55, 1, 75.00%, 2, 0, 2, 391.11, 30964, 75, 3, 0
86, 0, 1, 55, 55, 1, 75.00%, 2, 0, 2, 391.94, 32952, 75, 3, 0
91, 0, 1, 55, 55, 1, 75.00%, 2, 0, 2, 390.92, 34919, 75, 3, 0
96, 0, 1, 55, 55, 1, 75.00%, 2, 0, 2, 393.96, 36970, 75, 3, 0
101, 0, 1, 55, 55, 1, 75.00%, 2, 0, 2, 388.16, 38902, 75, 3, 0
107, 0, 1, 55, 55, 1, 75.00%, 2, 0, 2, 390.78, 40932, 75, 3, 0
112, 0, 1, 55, 55, 1, 75.00%, 2, 0, 2, 373.73, 42836, 75, 3, 0
117, 0, 1, 55, 55, 1, 75.00%, 2, 0, 2, 347.67, 44632, 75, 3, 0
122, 0, 1, 56, 56, 1, 75.00%, 2, 0, 2, 330.72, 46277, 75, 3, 0
127, 0, 1, 57, 57, 1, 75.00%, 2, 0, 2, 371.87, 48177, 75, 3, 0
132, 0, 1, 57, 57, 1, 75.00%, 2, 0, 2, 377.68, 50074, 75, 3, 0
137, 0, 1, 57, 57, 1, 75.00%, 2, 0, 2, 366.58, 52020, 75, 3, 0
142, 0, 2, 76, 75, 10, 76.00%, 2, 0, 3, 353.18, 53725, 76, 3, 0
147, 0, 2, 77, 76, 10, 76.00%, 2, 0, 3, 360.69, 55587, 76, 3, 0
152, 0, 2, 77, 76, 10, 76.00%, 2, 0, 3, 381.20, 57512, 76, 3, 0
157, 0, 2, 77, 76, 10, 76.00%, 2, 0, 3, 387.69, 59528, 76, 3, 0
162, 0, 2, 77, 76, 10, 76.00%, 2, 0, 3, 378.16, 61495, 76, 3, 0
168, 0, 2, 77, 76, 10, 76.00%, 2, 0, 3, 386.34, 63406, 76, 3, 0
173, 0, 2, 77, 76, 10, 76.00%, 2, 0, 3, 396.98, 65408, 76, 3, 0
178, 0, 40, 77, 73, 11, 76.00%, 2, 0, 3, 404.49, 67491, 76, 3, 0
183, 0, 46, 77, 71, 9, 76.00%, 3, 0, 3, 390.37, 69410, 76, 5, 0
189, 0, 5, 77, 67, 5, 76.00%, 5, 0, 3, 387.25, 71689, 76, 9, 0
195, 0, 36, 78, 64, 3, 76.00%, 5, 0, 3, 389.79, 74190, 76, 9, 0
201, 0, 0, 78, 60, 2, 76.00%, 5, 0, 3, 374.68, 76311, 76, 9, 0
207, 0, 19, 78, 56, 0, 76.00%, 5, 0, 3, 389.65, 78573, 76, 9, 0
213, 0, 31, 79, 54, 0, 76.00%, 5, 0, 3, 382.85, 80888, 76, 9, 0
218, 0, 34, 79, 49, 0, 76.00%, 5, 0, 3, 388.15, 82829, 76, 9, 0
223, 0, 20, 79, 47, 0, 76.00%, 5, 0, 3, 391.84, 84846, 76, 9, 0
228, 0, 40, 79, 44, 0, 76.00%, 5, 0, 3, 397.79, 86919, 76, 9, 0
233, 1, 35, 79, 42, 0, 76.00%, 5, 0, 3, 399.03, 88981, 76, 9, 0
238, 1, 48, 79, 39, 0, 76.00%, 5, 0, 3, 389.09, 90954, 76, 9, 0
243, 1, 30, 79, 33, 0, 76.00%, 5, 0, 3, 381.25, 92845, 76, 9, 0
248, 1, 23, 79, 31, 0, 76.00%, 5, 0, 3, 379.56, 94829, 76, 10, 0
253, 1, 15, 79, 28, 0, 76.00%, 5, 0, 3, 379.76, 96773, 76, 10, 0
258, 1, 30, 79, 23, 0, 76.00%, 5, 0, 3, 381.80, 98681, 76, 10, 0
264, 1, 40, 79, 20, 0, 76.00%, 5, 0, 3, 387.53, 100676, 76, 10, 0
269, 2, 2, 79, 19, 0, 76.00%, 5, 0, 3, 389.59, 102634, 76, 10, 0
274, 2, 54, 79, 18, 0, 76.00%, 5, 0, 3, 382.35, 104633, 76, 10, 0
279, 2, 34, 80, 18, 0, 76.00%, 5, 0, 3, 386.20, 106634, 76, 10, 0
284, 2, 40, 80, 15, 0, 76.00%, 5, 0, 3, 393.71, 108693, 76, 10, 0
289, 2, 80, 81, 15, 0, 76.00%, 6, 0, 3, 396.35, 110699, 76, 12, 0
295, 2, 49, 81, 13, 0, 76.00%, 6, 0, 3, 395.27, 112738, 76, 12, 0
300, 3, 41, 81, 11, 0, 76.00%, 6, 0, 3, 385.51, 114637, 76, 12, 0
305, 3, 54, 81, 9, 0, 76.00%, 6, 0, 3, 389.98, 116646, 76, 12, 0
310, 3, 59, 81, 9, 0, 76.00%, 6, 0, 3, 391.22, 118659, 76, 12, 0
315, 3, 46, 81, 6, 0, 76.00%, 6, 0, 3, 390.53, 120666, 76, 12, 0
320, 4, 51, 81, 6, 0, 76.00%, 6, 0, 3, 384.90, 122605, 76, 13, 0
326, 4, 38, 81, 6, 0, 76.00%, 6, 0, 3, 386.00, 124827, 76, 16, 0
331, 4, 54, 82, 5, 0, 76.00%, 6, 0, 3, 357.96, 126590, 76, 17, 0
336, 4, 20, 82, 5, 0, 76.00%, 6, 0, 3, 361.06, 128519, 76, 17, 0
341, 4, 49, 82, 4, 0, 76.00%, 6, 0, 3, 366.88, 130359, 76, 17, 0
346, 5, 30, 82, 4, 0, 76.00%, 6, 0, 3, 383.81, 132368, 76, 17, 0
351, 5, 30, 82, 4, 0, 76.00%, 6, 0, 3, 368.01, 134218, 76, 18, 0
356, 5, 32, 82, 3, 0, 76.00%, 6, 0, 3, 370.59, 136140, 76, 18, 0
361, 5, 78, 82, 3, 0, 76.00%, 6, 0, 3, 375.31, 138030, 76, 18, 0
364, 5, 11, 82, 3, 0, 76.00%, 6, 0, 3, 374.32, 139034, 76, 18, 0
