# relative_time, cycles_done, cur_item, corpus_count, pending_total, pending_favs, map_size, saved_crashes, saved_hangs, max_depth, execs_per_sec, total_execs, edges_found, total_crashes, servers_count
61, 1, 29, 31, 6, 2, 64.21%, 16, 0, 5, 452.69, 30412, 61, 5628, 0
66, 1, 32, 33, 6, 1, 65.26%, 16, 0, 6, 339.26, 32064, 62, 6135, 0
72, 2, 20, 33, 4, 0, 65.26%, 16, 0, 6, 431.91, 34457, 62, 6610, 0
77, 2, 26, 34, 4, 0, 65.26%, 16, 0, 6, 466.52, 36870, 62, 7107, 0
82, 2, 25, 36, 3, 0, 65.26%, 16, 0, 6, 455.00, 39255, 62, 7597, 0
87, 3, 32, 36, 3, 0, 65.26%, 16, 0, 6, 431.70, 41592, 62, 8101, 0
92, 3, 24, 38, 4, 0, 68.42%, 16, 0, 7, 546.20, 44524, 65, 8581, 0
97, 3, 37, 43, 8, 0, 68.42%, 16, 0, 7, 580.06, 47440, 65, 9046, 0
102, 3, 30, 44, 7, 0, 68.42%, 16, 0, 7, 534.31, 50187, 65, 9489, 0
107, 4, 28, 44, 5, 0, 68.42%, 16, 0, 7, 492.96, 52563, 65, 9832, 0
112, 4, 29, 44, 4, 0, 68.42%, 16, 0, 7, 484.69, 54970, 65, 10271, 0
118, 4, 40, 45, 5, 0, 68.42%, 16, 0, 7, 564.75, 57799, 65, 10700, 0
123, 5, 4, 45, 3, 0, 68.42%, 16, 0, 7, 684.79, 61179, 65, 11080, 0
128, 5, 28, 45, 3, 0, 68.42%, 16, 0, 7, 425.50, 63135, 65, 11511, 0
133, 5, 25, 45, 3, 0, 68.42%, 16, 0, 7, 381.38, 65163, 65, 11940, 0
138, 5, 33, 45, 3, 0, 68.42%, 16, 0, 7, 395.27, 67234, 65, 12336, 0
143, 6, 3, 45, 3, 0, 68.42%, 16, 0, 7, 548.91, 70287, 65, 12754, 0
148, 6, 16, 45, 3, 0, 68.42%, 16, 0, 7, 465.92, 72513, 65, 13215, 0
154, 7, 25, 46, 2, 0, 69.47%, 16, 0, 7, 510.66, 75148, 66, 13718, 0
159, 7, 45, 46, 2, 0, 69.47%, 16, 0, 7, 399.94, 77147, 66, 14259, 0
164, 7, 24, 46, 2, 0, 69.47%, 16, 0, 7, 509.75, 79663, 66, 14755, 0
169, 7, 4, 46, 1, 0, 69.47%, 16, 0, 7, 500.68, 82124, 66, 15256, 0
174, 8, 45, 46, 1, 0, 69.47%, 16, 0, 7, 469.68, 84593, 66, 15733, 0
179, 8, 13, 46, 1, 0, 69.47%, 16, 0, 7, 476.35, 86860, 66, 16189, 0
185, 8, 45, 46, 1, 0, 69.47%, 16, 0, 7, 401.29, 88759, 66, 16631, 0
190, 8, 29, 47, 2, 0, 69.47%, 16, 0, 7, 435.01, 91022, 66, 17068, 0
195, 8, 45, 48, 3, 0, 69.47%, 16, 0, 7, 359.14, 92915, 66, 17514, 0
200, 9, 12, 48, 3, 0, 69.47%, 16, 0, 7, 412.73, 95084, 66, 17963, 0
205, 9, 16, 48, 3, 0, 69.47%, 17, 0, 7, 425.81, 97217, 66, 18405, 0
210, 9, 28, 48, 3, 0, 69.47%, 17, 0, 7, 417.13, 99392, 66, 18845, 0
215, 10, 24, 48, 3, 0, 69.47%, 17, 0, 7, 447.00, 101667, 66, 19274, 0
220, 10, 11, 48, 3, 0, 69.47%, 17, 0, 7, 488.22, 104195, 66, 19733, 0
225, 10, 13, 48, 3, 0, 69.47%, 17, 0, 7, 500.78, 106990, 66, 20161, 0
231, 11, 28, 48, 3, 0, 69.47%, 17, 0, 7, 480.48, 109367, 66, 20550, 0
236, 11, 47, 48, 2, 0, 69.47%, 17, 0, 7, 347.15, 110992, 66, 20873, 0
241, 11, 25, 48, 1, 0, 69.47%, 17, 0, 7, 476.58, 113282, 66, 21287, 0
246, 12, 11, 48, 1, 0, 69.47%, 17, 0, 7, 619.26, 116355, 66, 21712, 0
251, 12, 12, 48, 0, 0, 69.47%, 17, 0, 7, 496.18, 118669, 66, 22138, 0
256, 12, 25, 48, 0, 0, 69.47%, 17, 0, 7, 479.02, 121184, 66, 22563, 0
261, 13, 17, 48, 0, 0, 69.47%, 17, 0, 7, 549.11, 124118, 66, 23025, 0
266, 13, 28, 48, 0, 0, 69.47%, 17, 0, 7, 619.02, 127287, 66, 23447, 0
272, 13, 45, 48, 0, 0, 69.47%, 17, 0, 7, 573.03, 130193, 66, 23913, 0
277, 14, 28, 48, 0, 0, 69.47%, 17, 0, 7, 599.31, 133124, 66, 24372, 0
282, 14, 24, 48, 0, 0, 69.47%, 17, 0, 7, 481.99, 135433, 66, 24851, 0
287, 15, 16, 48, 0, 0, 69.47%, 17, 0, 7, 657.99, 138876, 66, 25276, 0
292, 15, 13, 48, 0, 0, 69.47%, 17, 0, 7, 628.67, 142300, 66, 25707, 0
297, 15, 13, 48, 0, 0, 69.47%, 17, 0, 7, 549.43, 145218, 66, 26152, 0
302, 16, 25, 48, 0, 0, 69.47%, 17, 0, 7, 558.73, 148085, 66, 26559, 0
308, 16, 24, 48, 0, 0, 69.47%, 18, 0, 7, 531.04, 150834, 66, 26991, 0
313, 17, 32, 48, 0, 0, 69.47%, 18, 0, 7, 535.31, 153674, 66, 27400, 0
318, 17, 29, 48, 0, 0, 69.47%, 18, 0, 7, 509.51, 156213, 66, 27866, 0
323, 17, 12, 48, 0, 0, 69.47%, 18, 0, 7, 511.58, 158879, 66, 28259, 0
328, 18, 25, 48, 0, 0, 69.47%, 18, 0, 7, 482.90, 161362, 66, 28646, 0
333, 18, 24, 48, 0, 0, 69.47%, 18, 0, 7, 504.35, 163898, 66, 29032, 0
338, 18, 45, 48, 0, 0, 69.47%, 18, 0, 7, 513.81, 166373, 66, 29435, 0
344, 19, 25, 48, 0, 0, 69.47%, 18, 0, 7, 484.50, 169004, 66, 29851, 0
349, 19, 38, 48, 0, 0, 69.47%, 18, 0, 7, 582.35, 171959, 66, 30267, 0
354, 19, 42, 48, 0, 0, 69.47%, 18, 0, 7, 580.44, 174957, 66, 30653, 0
359, 20, 28, 48, 0, 0, 69.47%, 18, 0, 7, 576.35, 178080, 66, 31061, 0
364, 20, 42, 48, 0, 0, 69.47%, 18, 0, 7, 515.31, 180524, 66, 31554, 0
369, 21, 29, 48, 0, 0, 69.47%, 18, 0, 7, 603.27, 183538, 66, 32014, 0
374, 21, 24, 48, 0, 0, 69.47%, 18, 0, 7, 669.50, 186118, 66, 32424, 0
379, 22, 13, 48, 0, 0, 69.47%, 18, 0, 7, 693.06, 189479, 66, 32827, 0
384, 22, 28, 48, 0, 0, 69.47%, 18, 0, 7, 510.47, 191974, 66, 33278, 0
389, 22, 29, 48, 0, 0, 69.47%, 18, 0, 7, 660.54, 195263, 66, 33690, 0
395, 23, 29, 48, 0, 0, 69.47%, 18, 0, 7, 474.10, 197537, 66, 34201, 0
400, 23, 28, 48, 0, 0, 69.47%, 18, 0, 7, 505.28, 200007, 66, 34611, 0
400, 23, 28, 48, 0, 0, 69.47%, 18, 0, 7, 473.33, 200168, 66, 34661, 0
